S0_CONFIGURATION
0,5,0,13,0,0,0,0,0,0,1,0,0,0,0,0,0,0,0,0,0,0,0,0,0,0,0,0,0,0
S1_CONFIGURATION
1,11,0,19,0,0,0,0,0,0,0,0,0,0,1,0,0,0,0,0,0,0,0,0,0,0,0,0,0,1


S0_CONFIGURATION
0,23,1,17,0,23,0,15,0,0,0,0,0,0,1,0,23,1,2,0,23,0,6,0,0,0,0,1,0,0
S1_CONFIGURATION
1,18,0,2,0,18,1,11,0,0,0,0,0,0,1,0,8,0,2,0,8,1,11,0,0,0,0,1,0,0
S2_CONFIGURATION
2,11,0,1,0,21,5,1,0,0,0,0,0,0,1,0,11,0,1,0,21,5,1,0,0,0,0,1,0,0
S3_CONFIGURATION
3,0,0,0,0,0,0,0,0,0,0,0,0,0,0,0,11,0,11,0,21,0,21,0,1,0,0,1,3,0
S4_CONFIGURATION
4,0,0,0,0,0,0,0,0,0,0,0,0,0,0,0,0,0,0,0,11,2,11,2,1,0,0,1,0,0
S5_CONFIGURATION
5,0,0,0,0,0,0,0,0,0,0,0,0,0,0,0,11,0,1,0,11,0,11,1,0,0,0,1,0,0
S6_CONFIGURATION
6,21,0,8,0,13,0,8,0,0,0,0,0,0,1,0,0,0,0,0,0,0,0,0,0,0,0,0,0,0
S7_CONFIGURATION
7,11,0,19,0,0,0,0,0,0,0,0,0,0,1,0,0,0,0,0,0,0,0,0,0,0,0,0,0,1


S0_CONFIGURATION
0,5,0,6,0,0,0,0,0,0,1,0,0,0,0,0,0,0,0,0,0,0,0,0,0,1,0,0,0,0
S1_CONFIGURATION
1,11,0,10,0,0,0,0,0,0,0,0,0,0,1,0,0,0,0,0,0,0,0,0,0,0,0,0,0,1


S0_CONFIGURATION
0,7,0,16,0,0,0,0,0,0,1,0,0,0,0,0,0,0,0,0,0,0,0,0,0,1,0,0,0,0
S1_CONFIGURATION
1,11,0,13,0,6,0,5,0,0,0,0,0,0,1,0,0,0,0,0,0,0,0,0,0,1,0,0,0,0
S2_CONFIGURATION
2,11,0,19,0,0,0,0,0,0,0,0,0,0,1,0,0,0,0,0,0,0,0,0,0,0,0,0,0,1


S0_CONFIGURATION
0,5,0,5,0,0,0,0,0,0,1,0,0,0,0,0,5,0,14,0,0,0,0,0,0,1,0,0,0,0
S1_CONFIGURATION
1,5,0,5,0,0,0,0,0,0,1,0,0,0,0,0,5,0,14,0,0,0,0,0,0,1,0,0,0,0
S2_CONFIGURATION
2,0,0,0,0,0,0,0,0,0,0,0,0,0,0,0,11,0,9,0,0,0,0,0,0,0,0,1,0,1


S0_CONFIGURATION
0,5,0,5,0,0,0,0,0,0,1,0,0,0,0,0,5,0,14,0,0,0,0,0,0,1,0,0,0,0
S1_CONFIGURATION
1,0,0,0,0,0,0,0,0,0,0,0,0,0,0,0,11,0,9,0,0,0,0,0,0,0,0,1,0,1


S0_CONFIGURATION
0,5,0,6,0,0,0,0,0,0,1,0,0,0,0,0,0,0,0,0,0,0,0,0,0,0,0,0,0,0
S1_CONFIGURATION
1,11,0,11,0,0,0,0,0,0,1,0,0,0,0,0,5,0,1,0,0,0,0,0,0,1,0,0,0,0
S2_CONFIGURATION
2,0,0,0,0,0,0,0,0,0,0,0,0,0,0,0,11,0,9,0,0,0,0,0,0,0,0,1,0,1


S0_CONFIGURATION
0,7,0,15,0,5,0,6,0,0,0,0,0,0,1,0,0,0,0,0,0,0,0,0,0,1,0,0,0,0
S1_CONFIGURATION
1,11,0,13,0,0,0,0,0,0,1,0,0,0,0,0,0,0,0,0,0,0,0,0,0,1,0,0,0,0
S2_CONFIGURATION
2,11,0,13,0,0,0,0,0,0,1,0,0,0,0,0,0,0,0,0,0,0,0,0,0,0,0,0,0,0
S3_CONFIGURATION
3,11,0,19,0,0,0,0,0,0,0,0,0,0,1,0,0,0,0,0,0,0,0,0,0,0,0,0,0,1


S0_CONFIGURATION
0,6,0,5,0,0,0,0,0,0,1,0,0,0,0,0,0,0,0,0,0,0,0,0,0,1,0,0,0,0
S1_CONFIGURATION
1,13,0,11,0,0,0,0,0,0,1,0,0,0,0,0,0,0,0,0,0,0,0,0,0,1,0,0,0,0
S2_CONFIGURATION
2,11,0,13,0,0,0,0,0,0,1,0,0,0,0,0,0,0,0,0,0,0,0,0,0,0,0,0,0,0
S3_CONFIGURATION
3,11,0,10,0,0,0,0,0,0,0,0,0,0,1,0,0,0,0,0,0,0,0,0,0,0,0,0,0,1


S0_CONFIGURATION
0,23,1,17,0,23,0,15,0,0,0,0,0,0,1,0,23,1,2,0,23,0,6,0,0,0,0,1,0,0
S1_CONFIGURATION
1,18,0,2,0,18,1,11,0,0,0,0,0,0,1,0,8,0,2,0,8,1,11,0,0,0,0,1,0,0
S2_CONFIGURATION
2,11,0,1,0,21,5,1,0,0,0,0,0,0,1,0,11,0,1,0,21,5,1,0,0,0,0,1,0,0
S3_CONFIGURATION
3,0,0,0,0,0,0,0,0,0,0,0,0,0,0,0,11,0,11,0,21,0,21,0,1,0,0,1,3,0
S4_CONFIGURATION
4,0,0,0,0,0,0,0,0,0,0,0,0,0,0,0,0,0,0,0,11,2,11,2,1,0,0,1,0,0
S5_CONFIGURATION
5,8,0,13,0,0,0,0,0,0,8,0,0,0,0,0,11,0,1,0,11,0,11,1,0,0,0,1,0,0
S6_CONFIGURATION
6,21,0,8,0,14,0,8,0,0,0,0,0,0,1,0,0,0,0,0,0,0,0,0,0,0,0,0,0,0
S7_CONFIGURATION
7,11,0,19,0,0,0,0,0,0,0,0,0,0,1,0,0,0,0,0,0,0,0,0,0,0,0,0,0,1


S0_CONFIGURATION
0,7,0,15,0,5,0,6,0,0,0,0,0,0,1,0,0,0,0,0,0,0,0,0,0,1,0,0,0,0
S1_CONFIGURATION
1,11,0,13,0,0,0,0,0,0,1,0,0,0,0,0,0,0,0,0,0,0,0,0,0,0,0,0,0,0
S2_CONFIGURATION
2,11,0,19,0,0,0,0,0,0,0,0,0,0,1,0,0,0,0,0,0,0,0,0,0,0,0,0,0,1


S0_CONFIGURATION
0,17,0,13,0,7,0,1,0,0,0,0,0,0,1,0,0,0,0,0,0,0,0,0,0,1,0,0,0,0
S1_CONFIGURATION
1,11,0,15,0,6,0,5,0,0,0,0,0,0,1,0,0,0,0,0,0,0,0,0,0,1,0,0,0,0
S2_CONFIGURATION
2,11,0,13,0,0,0,0,0,0,1,0,0,0,0,0,0,0,0,0,0,0,0,0,0,0,0,0,0,0
S3_CONFIGURATION
3,11,0,19,0,0,0,0,0,0,0,0,0,0,1,0,0,0,0,0,0,0,0,0,0,0,0,0,0,1


S0_CONFIGURATION
0,17,0,13,0,7,0,1,0,0,0,0,0,0,1,0,0,0,0,0,0,0,0,0,0,1,0,0,0,0
S1_CONFIGURATION
1,11,0,15,0,5,0,6,0,0,0,0,0,0,1,0,0,0,0,0,0,0,0,0,0,1,0,0,0,0
S2_CONFIGURATION
2,11,0,13,0,0,0,0,0,0,1,0,0,0,0,0,0,0,0,0,0,0,0,0,0,0,0,0,0,0
S3_CONFIGURATION
3,11,0,19,0,0,0,0,0,0,0,0,0,0,1,0,0,0,0,0,0,0,0,0,0,0,0,0,0,1


S0_CONFIGURATION
0,6,0,7,0,0,0,0,0,0,1,0,0,0,0,0,0,0,0,0,0,0,0,0,0,0,0,0,0,0
S1_CONFIGURATION
1,11,0,1,0,8,0,2,0,0,0,0,0,0,1,0,0,0,0,0,0,0,0,0,0,0,0,0,0,0
S2_CONFIGURATION
2,11,0,1,0,5,0,1,0,0,0,0,0,0,1,0,1,0,1,0,0,0,0,0,0,1,0,0,0,0
S3_CONFIGURATION
3,0,0,0,0,0,0,0,0,0,0,0,0,0,0,0,11,0,9,0,0,0,0,0,0,0,0,1,0,1
FIRST_MAP_IS_CUBE


S0_CONFIGURATION
0,5,0,6,0,0,0,0,0,0,1,0,0,0,0,0,0,0,0,0,0,0,0,0,0,1,0,0,0,0
S1_CONFIGURATION
1,11,0,13,0,0,0,0,0,0,1,0,0,0,0,0,0,0,0,0,0,0,0,0,0,1,0,0,0,0
S2_CONFIGURATION
2,11,0,19,0,0,0,0,0,0,0,0,0,0,1,0,0,0,0,0,0,0,0,0,0,0,0,0,0,1


S0_CONFIGURATION
0,5,0,16,0,0,0,0,0,0,1,0,0,0,0,0,0,0,0,0,0,0,0,0,0,1,0,0,0,0
S1_CONFIGURATION
1,11,0,13,0,0,0,0,0,0,1,0,0,0,0,0,0,0,0,0,0,0,0,0,0,1,0,0,0,0
S2_CONFIGURATION
2,11,0,19,0,0,0,0,0,0,0,0,0,0,1,0,0,0,0,0,0,0,0,0,0,0,0,0,0,1


S0_CONFIGURATION
0,5,0,16,0,0,0,0,0,0,1,0,0,0,0,0,0,0,0,0,0,0,0,0,0,1,0,0,0,0
S1_CONFIGURATION
1,11,0,19,0,0,0,0,0,0,0,0,0,0,1,0,0,0,0,0,0,0,0,0,0,0,0,0,0,1


S0_CONFIGURATION
0,1,0,6,0,0,0,0,0,0,1,0,0,0,0,0,0,0,0,0,0,0,0,0,0,1,0,0,0,0
S1_CONFIGURATION
1,11,0,13,0,0,0,0,0,0,1,0,0,0,0,0,0,0,0,0,0,0,0,0,0,1,0,0,0,0
S2_CONFIGURATION
2,11,0,19,0,0,0,0,0,0,0,0,0,0,1,0,0,0,0,0,0,0,0,0,0,0,0,0,0,1


S0_CONFIGURATION
0,5,0,6,0,0,0,0,0,0,1,0,0,0,0,0,0,0,0,0,0,0,0,0,0,0,0,0,0,0
S1_CONFIGURATION
1,11,0,13,0,0,0,0,0,0,0,0,0,0,0,0,0,0,0,0,0,0,0,0,0,0,0,0,0,0
S2_CONFIGURATION
2,11,0,19,0,0,0,0,0,0,0,0,0,0,1,0,0,0,0,0,0,0,0,0,0,0,0,0,0,1


S0_CONFIGURATION
0,6,0,5,0,0,0,0,0,0,1,0,0,0,0,0,0,0,0,0,0,0,0,0,0,1,0,0,0,0
S1_CONFIGURATION
1,13,0,11,0,0,0,0,0,0,1,0,0,0,0,0,0,0,0,0,0,0,0,0,0,1,0,0,0,0
S2_CONFIGURATION
2,11,0,10,0,0,0,0,0,0,0,0,0,0,1,0,0,0,0,0,0,0,0,0,0,0,0,0,0,1


S0_CONFIGURATION
0,1,0,5,0,0,0,0,0,0,1,0,0,0,0,0,0,0,0,0,0,0,0,0,0,1,0,0,0,0
S1_CONFIGURATION
1,0,0,0,0,0,0,0,0,0,0,0,0,0,0,0,11,0,9,0,0,0,0,0,0,0,0,1,0,1


S0_CONFIGURATION
0,5,0,14,0,0,0,0,0,0,1,0,0,0,0,0,0,0,0,0,0,0,0,0,0,0,0,0,0,0
S1_CONFIGURATION
1,11,0,19,0,0,0,0,0,0,0,0,0,0,1,0,0,0,0,0,0,0,0,0,0,0,0,0,0,1


S0_CONFIGURATION
0,5,0,6,0,5,0,7,0,0,0,0,0,0,1,0,5,0,6,0,5,0,7,0,0,0,0,1,0,0
S1_CONFIGURATION
1,11,0,8,0,0,0,0,0,0,1,0,0,0,0,0,0,0,0,0,0,0,0,0,0,0,0,0,0,0
S2_CONFIGURATION
2,0,0,0,0,0,0,0,0,0,0,0,0,0,0,0,11,0,9,0,0,0,0,0,0,0,0,1,0,1


S0_CONFIGURATION
0,0,0,0,0,0,0,0,0,0,0,0,0,0,0,0,13,0,15,0,0,0,0,0,0,1,0,0,0,0
S1_CONFIGURATION
1,6,0,21,0,0,0,0,0,0,1,0,0,0,0,3,0,0,0,0,0,0,0,0,0,0,0,0,0,0
S2_CONFIGURATION
2,11,0,13,0,0,0,0,0,0,1,0,0,0,0,2,0,0,0,0,0,0,0,0,0,0,0,0,0,0
S3_CONFIGURATION
3,11,0,19,0,0,0,0,0,0,0,0,0,0,1,0,0,0,0,0,0,0,0,0,0,0,0,0,0,1


S0_CONFIGURATION
0,16,0,7,0,16,1,8,0,0,0,0,0,0,1,0,13,0,15,0,0,0,0,0,0,1,0,0,0,0
S1_CONFIGURATION
1,11,0,1,0,13,0,6,0,0,0,0,0,0,1,0,0,0,0,0,0,0,0,0,0,0,0,0,0,0
S2_CONFIGURATION
2,11,0,21,0,0,0,0,0,0,1,0,0,0,0,3,0,0,0,0,0,0,0,0,0,0,0,0,0,0
S3_CONFIGURATION
3,11,0,13,0,0,0,0,0,0,1,0,0,0,0,3,0,0,0,0,0,0,0,0,0,0,0,0,0,0
S4_CONFIGURATION
4,11,0,19,0,0,0,0,0,0,0,0,0,0,1,0,0,0,0,0,0,0,0,0,0,0,0,0,0,1


S0_CONFIGURATION
0,5,0,6,0,13,1,7,0,0,1,0,3,1,0,0,0,0,0,0,0,0,0,0,0,0,0,0,0,0
S1_CONFIGURATION
1,7,0,13,0,7,1,1,0,0,0,0,0,0,2,0,0,0,0,0,0,0,0,0,0,0,0,0,0,0
S2_CONFIGURATION
2,11,0,12,0,13,0,9,0,0,0,0,0,0,1,0,0,0,0,0,0,0,0,0,0,0,0,0,0,0
S3_CONFIGURATION
3,11,0,13,0,0,0,0,0,0,1,0,0,0,0,0,0,0,0,0,0,0,0,0,0,0,0,0,0,0
S4_CONFIGURATION
4,11,0,19,0,0,0,0,0,0,0,0,0,0,1,0,0,0,0,0,0,0,0,0,0,0,0,0,0,1


S0_CONFIGURATION
0,5,0,6,0,0,0,0,0,0,1,0,0,0,0,0,0,0,0,0,0,0,0,0,0,1,0,0,0,0
S1_CONFIGURATION
1,11,0,13,0,0,0,0,0,0,1,0,0,0,0,0,0,0,0,0,0,0,0,0,0,0,0,0,0,0
S2_CONFIGURATION
2,11,0,19,0,0,0,0,0,0,0,0,0,0,1,0,0,0,0,0,0,0,0,0,0,0,0,0,0,1


S0_CONFIGURATION
0,5,0,6,0,0,0,0,0,0,1,0,0,0,0,0,0,0,0,0,0,0,0,0,0,1,0,0,0,0
S1_CONFIGURATION
1,11,0,7,0,0,0,0,0,0,1,0,0,0,0,0,0,0,0,0,0,0,0,0,0,1,0,0,0,0
S2_CONFIGURATION
2,11,0,13,0,0,0,0,0,0,1,0,0,0,0,0,0,0,0,0,0,0,0,0,0,0,0,0,0,0
S3_CONFIGURATION
3,11,0,19,0,0,0,0,0,0,0,0,0,0,1,0,0,0,0,0,0,0,0,0,0,0,0,0,0,1


S0_CONFIGURATION
0,7,0,16,0,5,0,6,0,0,0,0,0,0,1,0,0,0,0,0,0,0,0,0,0,1,0,0,0,0
S1_CONFIGURATION
1,11,0,19,0,0,0,0,0,0,0,0,0,0,1,0,0,0,0,0,0,0,0,0,0,0,0,0,0,1


S0_CONFIGURATION
0,5,0,1,0,0,0,0,0,0,1,0,0,0,0,0,5,0,13,0,0,0,0,0,0,1,0,0,0,0
S1_CONFIGURATION
1,0,0,0,0,0,0,0,0,0,0,0,0,0,0,0,11,0,20,0,0,0,0,0,0,0,0,1,0,1


S0_CONFIGURATION
0,6,0,7,0,5,2,13,0,0,2,0,5,0,1,0,0,0,0,0,0,0,0,0,0,1,0,0,0,0
S1_CONFIGURATION
1,11,0,19,0,0,0,0,0,0,0,0,0,0,1,0,0,0,0,0,0,0,0,0,0,0,0,0,0,1


S0_CONFIGURATION
0,15,0,13,0,5,0,1,0,0,0,0,0,0,1,0,0,0,0,0,0,0,0,0,0,0,0,0,0,0
S1_CONFIGURATION
1,11,0,19,0,0,0,0,0,0,0,0,0,0,1,0,0,0,0,0,0,0,0,0,0,0,0,0,0,1


S0_CONFIGURATION
0,5,0,6,0,0,0,0,0,0,1,0,0,0,0,0,0,0,0,0,0,0,0,0,0,0,0,0,0,0
S1_CONFIGURATION
1,11,0,13,0,0,0,0,0,0,1,0,0,0,0,0,0,0,0,0,0,0,0,0,0,0,0,0,0,0
S2_CONFIGURATION
2,11,0,10,0,0,0,0,0,0,0,0,0,0,1,0,0,0,0,0,0,0,0,0,0,0,0,0,0,1


S0_CONFIGURATION
0,5,0,6,0,0,0,0,0,0,1,0,0,0,0,0,0,0,0,0,0,0,0,0,0,1,0,0,0,0
S1_CONFIGURATION
1,11,0,20,0,0,0,0,0,0,0,0,0,0,1,0,0,0,0,0,0,0,0,0,0,0,0,0,0,1


S0_CONFIGURATION
0,7,0,15,0,5,0,1,0,0,0,0,0,0,1,0,0,0,0,0,0,0,0,0,0,1,0,0,0,0
S1_CONFIGURATION
1,11,0,19,0,0,0,0,0,0,0,0,0,0,1,0,0,0,0,0,0,0,0,0,0,0,0,0,0,1


S0_CONFIGURATION
0,7,0,15,0,5,0,6,0,0,0,0,0,0,1,0,0,0,0,0,0,0,0,0,0,1,0,0,0,0
S1_CONFIGURATION
1,11,0,13,0,0,0,0,0,0,1,0,0,0,0,0,0,0,0,0,0,0,0,0,0,1,0,0,0,0
S2_CONFIGURATION
2,11,0,19,0,0,0,0,0,0,0,0,0,0,1,0,0,0,0,0,0,0,0,0,0,0,0,0,0,1


S0_CONFIGURATION
0,5,0,6,0,0,0,0,0,0,1,0,0,0,0,0,0,0,0,0,0,0,0,0,0,0,0,0,0,0
S1_CONFIGURATION
1,11,0,15,0,0,0,0,0,0,1,0,0,0,0,0,0,0,0,0,0,0,0,0,0,0,0,0,0,0
S2_CONFIGURATION
2,17,0,11,0,0,0,0,0,0,1,0,0,0,0,0,0,0,0,0,0,0,0,0,0,0,0,0,0,0
S3_CONFIGURATION
3,11,0,10,0,0,0,0,0,0,0,0,0,0,1,0,0,0,0,0,0,0,0,0,0,0,0,0,0,1


S0_CONFIGURATION
0,5,0,6,0,0,0,0,0,0,1,0,0,0,0,0,0,0,0,0,0,0,0,0,0,0,0,0,0,0
S1_CONFIGURATION
1,15,0,11,0,0,0,0,0,0,1,0,0,0,0,0,0,0,0,0,0,0,0,0,0,0,0,0,0,0
S2_CONFIGURATION
2,11,0,17,0,0,0,0,0,0,1,0,0,0,0,0,0,0,0,0,0,0,0,0,0,0,0,0,0,0
S3_CONFIGURATION
3,11,0,10,0,0,0,0,0,0,0,0,0,0,1,0,0,0,0,0,0,0,0,0,0,0,0,0,0,1


S0_CONFIGURATION
0,5,0,6,0,0,0,0,0,0,1,0,0,0,0,0,0,0,0,0,0,0,0,0,0,0,0,0,0,0
S1_CONFIGURATION
1,11,0,17,0,0,0,0,0,0,1,0,0,0,0,0,0,0,0,0,0,0,0,0,0,0,0,0,0,0
S2_CONFIGURATION
2,11,0,14,0,0,0,0,0,0,1,0,0,0,0,0,0,0,0,0,0,0,0,0,0,0,0,0,0,0
S3_CONFIGURATION
3,11,0,10,0,0,0,0,0,0,0,0,0,0,1,0,0,0,0,0,0,0,0,0,0,0,0,0,0,1


S0_CONFIGURATION
0,5,0,6,0,0,0,0,0,0,1,0,0,0,0,0,0,0,0,0,0,0,0,0,0,1,0,0,0,0
S1_CONFIGURATION
1,11,0,17,0,0,0,0,0,0,1,0,0,0,0,0,0,0,0,0,0,0,0,0,0,1,0,0,0,0
S2_CONFIGURATION
2,11,0,10,0,0,0,0,0,0,0,0,0,0,1,0,0,0,0,0,0,0,0,0,0,0,0,0,0,1


S0_CONFIGURATION
0,5,0,1,0,6,0,1,0,0,0,0,0,0,1,0,0,0,0,0,0,0,0,0,0,1,0,0,0,0
S1_CONFIGURATION
1,11,0,10,0,0,0,0,0,0,0,0,0,0,1,0,0,0,0,0,0,0,0,0,0,0,0,0,0,1


S0_CONFIGURATION
0,5,0,24,0,6,0,23,0,0,0,0,0,0,1,0,0,0,0,0,0,0,0,0,0,0,0,0,0,0
S1_CONFIGURATION
1,11,0,19,0,0,0,0,0,0,0,0,0,0,1,0,0,0,0,0,0,0,0,0,0,0,0,0,0,1


